,0,1,2,3,4,5,6,7,8,9,10,11,12,13,14,15,16,17,18,19,20,21,22,23,24,25,26,27,28,29,30,31,32,33,34,35,36,37,38,39,40,41,42,43,44,45,46,47,48,49,50,51,52,53,54,55,56,57,58,59,60,61,62,63,64,65,66,67,68,69,70,71,72,73,74,75,76,77,78,79,80,81,82,83,84,85,86,87,88,89,90,91,92,93,94,95,96,97,98
0,1.0000000000000002,0.0,0.0,0.0,0.0,0.0,0.0,0.0,0.0,0.0,0.0,0.0,0.0,0.0,0.0,0.0,0.0,0.0,0.0,0.0,0.0,0.0,0.0,0.0,0.0,0.0,0.0,0.0,0.0,0.0,0.0,0.0,0.0,0.0,0.0,0.0,0.0,0.0,0.0,0.0,0.0,0.0,0.0,0.0,0.0,0.0,0.0,0.0,0.0,0.0,0.0,0.0,0.0,0.0,0.0,0.0,0.0,0.0,0.0,0.0,0.0,0.0,0.0,0.0,0.0,0.0,0.0,0.0,0.0,0.0,0.0,0.0,0.0,0.0,0.0,0.0,0.0,0.0,0.0,0.0,0.0,0.0,0.0,0.0,0.0,0.0,0.0,0.0,0.0,0.0,0.0,0.0,0.0,0.0,0.0,0.0,0.0,0.0,0.0
1,0.0,1.0000000000000009,0.010309205388202954,0.03047308001100811,0.0,0.0,0.0,0.02519739442940083,0.0,0.0,0.03728154636515014,0.0,0.0,0.0,0.0,0.0,0.013663579128148758,0.01363976833326003,0.01872053406080005,0.0,0.0,0.0,0.0,0.0,0.0,0.013587624990526579,0.044488305979687906,0.0,0.01850302197003807,0.0,0.02533226212537061,0.04737570471641305,0.01682708229029595,0.0,0.0,0.0,0.03420625115425863,0.0,0.039462472540703744,0.0,0.02816653408085354,0.0,0.0,0.07101198315693485,0.04235906975604259,0.0,0.0,0.0,0.0,0.0,0.0,0.0,0.021933437600207797,0.05581126685247571,0.0,0.015421537214362234,0.0,0.038213898405144796,0.0,0.007256746263392589,0.02877508341555615,0.013969282380603418,0.0,0.0,0.04260152021586832,0.02754539715282745,0.06710356833657642,0.0,0.010013895118568428,0.0,0.0,0.0,0.0,0.0,0.0,0.0,0.0,0.0,0.04302079083399613,0.0,0.08368422426299078,0.0,0.0,0.05937249483572728,0.0,0.025473938621397553,0.0,0.1344201021463466,0.0,0.0,0.02974216934762677,0.020419242417991534,0.03518141533954713,0.016491350588023063,0.0,0.0,0.0,0.0,0.02374896282577351
2,0.0,0.010309205388202954,1.0000000000000002,0.015863635317089925,0.0,0.0,0.010711086941053483,0.0,0.0,0.0,0.0,0.0,0.0,0.0,0.0,0.0,0.04805179858024801,0.0,0.0,0.0,0.0,0.0,0.0,0.0,0.0,0.014945553598380807,0.0,0.0,0.0,0.0,0.0,0.0,0.0,0.0,0.0,0.0,0.008684130755725633,0.0,0.015915141545205416,0.0,0.0,0.0,0.0,0.0,0.0,0.0,0.02593542947272737,0.012085638093247447,0.016831377279993294,0.0,0.0,0.0,0.02167999605513604,0.07961773715482774,0.02702791602051669,0.0,0.01018011776464207,0.0,0.0,0.007981975533251778,0.05171883348994381,0.011008936183587168,0.03492080014428124,0.0,0.0,0.018613625712068056,0.0,0.0,0.019797539178090552,0.0,0.0,0.0,0.0,0.0,0.0,0.0,0.0,0.0,0.017350204673655605,0.02598541635615162,0.0,0.008176378539548928,0.018145512396852272,0.0,0.0,0.010168334407457538,0.0,0.0,0.0,0.03239361444475777,0.0,0.016092031828993263,0.0,0.0,0.01920595014646368,0.0,0.0,0.0,0.0
3,0.0,0.03047308001100811,0.015863635317089925,1.0000000000000004,0.0,0.0,0.0,0.0,0.0,0.0,0.0,0.0,0.0,0.0,0.0,0.0,0.021025290335488875,0.020988650676805085,0.028806849228314748,0.0,0.0,0.0,0.0,0.0,0.0,0.020908413360524236,0.0,0.0,0.0,0.034573302095662915,0.020934838806090067,0.0,0.025893236855032586,0.0,0.0,0.0,0.0,0.03614857964231772,0.022264839902247473,0.0,0.0,0.0,0.0,0.01872859696344356,0.0,0.0,0.0,0.0,0.0,0.0,0.0,0.022206665257424638,0.03375081223408395,0.0585581996000268,0.0,0.0,0.0,0.0,0.0,0.011166561531778915,0.027133677789316045,0.044287955656577144,0.0,0.0,0.0,0.014487729528982871,0.0,0.0,0.015409216741994466,0.0,0.0,0.0,0.0,0.0,0.030021000207714185,0.0,0.0,0.0,0.024272453263008788,0.0,0.0,0.0,0.0,0.0,0.0,0.0,0.0,0.0,0.0,0.0,0.0,0.03142079364729154,0.0,0.025376618445689662,0.0,0.0,0.0,0.0,0.0
4,0.0,0.0,0.0,0.0,1.0000000000000002,0.0,0.0,0.0,0.0,0.0,0.0,0.0,0.0,0.0,0.0,0.0,0.0,0.0,0.0,0.0,0.0,0.0,0.0,0.0719153833516144,0.0,0.0,0.03488750061952152,0.0,0.0,0.0,0.0,0.0,0.0,0.0,0.0,0.0,0.0,0.0,0.05755356714139045,0.0,0.0,0.0,0.0,0.0,0.0,0.0,0.0,0.0,0.0,0.0,0.0,0.0,0.0,0.0,0.0,0.0,0.0,0.0,0.0,0.0,0.0,0.0,0.0,0.0,0.0,0.0,0.0,0.0,0.0,0.0,0.0,0.0,0.0,0.0,0.0,0.0,0.0,0.0,0.0,0.0,0.0,0.0,0.0,0.0,0.0,0.0,0.0,0.0,0.0,0.0,0.0,0.0,0.0,0.0,0.0,0.0,0.0,0.0,0.0
5,0.0,0.0,0.0,0.0,0.0,1.0000000000000002,0.0,0.0,0.01952398942974523,0.0,0.0,0.0,0.0,0.010696789170961382,0.037886580548941735,0.018638459026578572,0.0,0.053382361423225416,0.0,0.0,0.0,0.0,0.0,0.0,0.036323917599128355,0.0,0.0,0.0,0.0,0.0,0.01486888462198411,0.0,0.0,0.04200185211115019,0.029978209456898462,0.022190918807903182,0.02783825937119537,0.0,0.0,0.0,0.0,0.0,0.0,0.0,0.0,0.0,0.0,0.0,0.024749723460947226,0.0,0.0,0.03037213642641046,0.03993310798216637,0.0,0.0,0.0,0.0,0.0,0.0,0.01802225921128947,0.019271584947769833,0.0,0.0,0.0,0.01831419822007801,0.0,0.0,0.0,0.0,0.0,0.017123985994232767,0.053934210780696,0.0,0.04737829704245019,0.0,0.0,0.0,0.03020688755301136,0.0,0.0,0.0,0.07251526699428515,0.0,0.0,0.0,0.0,0.0,0.0,0.0,0.0,0.0,0.02792282478880004,0.0,0.0,0.0,0.0,0.0,0.0,0.0
6,0.0,0.0,0.010711086941053483,0.0,0.0,0.0,1.0000000000000004,0.026824568727639567,0.0,0.0,0.0,0.0,0.04031025361617428,0.03775901597209933,0.0,0.0,0.030753207134952183,0.0,0.0,0.0,0.062406827428591584,0.0,0.024879663601389684,0.0,0.0,0.0,0.0,0.0,0.0,0.0,0.02594897816119992,0.0,0.03793790669588035,0.0,0.04549760816803604,0.0,0.010287298319042628,0.022403294154431784,0.0,0.0,0.0,0.0,0.0,0.0,0.027596871585456286,0.0,0.0,0.014316754081489334,0.019938598815487228,0.0,0.0,0.0,0.007320618099413478,0.0,0.10934000216344478,0.0,0.01205945779879124,0.0,0.0,0.01633307194775539,0.0,0.013041283449261084,0.0,0.0,0.0,0.00978207878973544,0.043717875982066876,0.0,0.010404264654220308,0.0,0.0,0.0,0.0,0.0,0.0,0.0,0.0,0.0,0.0,0.030782554698869743,0.0,0.009685810540139611,0.02149533493092917,0.0,0.0,0.012045499129355363,0.018878372356865285,0.0,0.0,0.023483926559952236,0.0,0.0190627636364453,0.0,0.0,0.02275153889490498,0.0,0.0,0.0,0.0
7,0.0,0.02519739442940083,0.0,0.0,0.0,0.0,0.026824568727639567,1.0,0.0,0.0,0.05204866425444164,0.04670606301829912,0.043190453783201736,0.0,0.0,0.0,0.0,0.0,0.0,0.0,0.0,0.0,0.0,0.0,0.0,0.0,0.0,0.0,0.0,0.0,0.0,0.0,0.0,0.0,0.02323670518100509,0.0,0.0,0.0,0.0,0.027576494900484746,0.0,0.0,0.0,0.03354755893527997,0.029568690341713718,0.0,0.0,0.04226993046738088,0.0,0.0,0.0,0.0,0.0,0.0,0.0,0.0,0.0,0.0,0.0,0.0,0.0,0.038504128901564925,0.0,0.0,0.0,0.0,0.0,0.0,0.030718383580167704,0.0,0.0,0.0,0.0,0.0,0.0,0.0,0.0,0.0,0.0,0.0,0.0,0.0,0.0,0.0,0.0,0.0,0.022549530667446926,0.08455099160798171,0.0,0.0,0.0,0.0,0.0,0.0,0.0,0.0,0.0,0.0,0.0
8,0.0,0.0,0.0,0.0,0.0,0.01952398942974523,0.0,0.0,1.0000000000000004,0.0,0.0,0.04414881262487916,0.0,0.0,0.0,0.0,0.0,0.0,0.0,0.0,0.0,0.0,0.0497181879674231,0.0,0.0454921404841675,0.02951608946393884,0.0,0.0,0.0,0.0,0.01862181815109091,0.0,0.0,0.052603195996720434,0.0,0.02779194708629421,0.03750106837507567,0.02777129966921434,0.0,0.0,0.0,0.0,0.0,0.0,0.07176793181759697,0.1049619766410384,0.06331795588130848,0.0,0.03099659868892351,0.0,0.0,0.07448054587005953,0.0,0.0,0.0,0.0,0.0,0.061723295065338316,0.0,0.0,0.024135768048806246,0.03502049196172699,0.0,0.07327186628718381,0.0,0.0,0.0,0.0,0.0921339222987821,0.0,0.021446111212333745,0.030984392875427844,0.043932827164482206,0.0,0.0,0.0,0.0,0.0,0.0,0.0,0.0,0.015057586797746927,0.0,0.0,0.0,0.03606014193553762,0.0,0.0,0.0,0.0,0.01870145555662622,0.0,0.0,0.0,0.0,0.0,0.0,0.0,0.0
9,0.0,0.0,0.0,0.0,0.0,0.0,0.0,0.0,0.0,0.9999999999999998,0.0,0.0,0.0,0.022477553879145337,0.0,0.0,0.04369602467430028,0.0,0.0,0.0,0.0,0.0,0.0,0.0,0.0,0.0,0.0,0.0,0.0,0.0,0.0,0.052756562959826885,0.05390448221546332,0.0,0.0,0.0,0.0,0.0,0.0,0.0,0.0,0.0,0.0,0.0,0.0,0.0,0.0,0.0,0.0,0.0,0.0,0.0,0.0,0.0,0.0,0.0,0.0,0.0,0.0,0.025871410840211752,0.0,0.0,0.0,0.0,0.0299982013227829,0.0,0.0,0.0,0.0,0.0,0.0,0.0,0.0,0.07760447254807404,0.0,0.0,0.0,0.0,0.0,0.0,0.0,0.0,0.0,0.0,0.06995807815231016,0.0,0.0,0.0,0.0,0.0,0.0,0.0,0.0,0.0,0.0,0.0,0.0,0.0,0.0
10,0.0,0.03728154636515014,0.0,0.0,0.0,0.0,0.0,0.05204866425444164,0.0,0.0,1.0,0.0,0.0,0.0,0.0,0.0,0.0,0.0,0.0,0.0,0.0,0.0,0.0302943874467787,0.0,0.0,0.0,0.0,0.0,0.0,0.0,0.0,0.0,0.0,0.0,0.0,0.0,0.0,0.0,0.0,0.0,0.0,0.0,0.0,0.0,0.0,0.0,0.08537142201812106,0.05481171522667303,0.0,0.0,0.0,0.0,0.05605399551663436,0.0,0.0,0.0,0.0,0.0,0.0,0.0,0.0,0.0,0.0,0.0,0.0,0.0,0.0,0.0,0.0,0.0,0.0,0.0,0.0,0.0,0.0,0.0,0.0,0.0,0.0,0.0,0.0,0.0,0.0,0.05991196386316062,0.0,0.0,0.0,0.0,0.0,0.0,0.0,0.0,0.0,0.0,0.0,0.0,0.0,0.0,0.06004335102047886
11,0.0,0.0,0.0,0.0,0.0,0.0,0.0,0.04670606301829912,0.04414881262487916,0.0,0.0,0.9999999999999997,0.0,0.0,0.0,0.0,0.0,0.0,0.0,0.0,0.0,0.0,0.0,0.0,0.0,0.0,0.0,0.0,0.0,0.0,0.0,0.0,0.0,0.0,0.0,0.0,0.0,0.0,0.0,0.0,0.0,0.0,0.0,0.0,0.039258531015289956,0.0,0.0,0.0,0.0,0.0,0.0,0.035665028895660845,0.0,0.0,0.0,0.028585467080382367,0.0,0.0,0.0,0.0,0.0,0.0,0.041092835293214044,0.0,0.0,0.0,0.0,0.05753035478063147,0.02920367929460769,0.0,0.0,0.0,0.0,0.0,0.0,0.0,0.0,0.0,0.0,0.0,0.0,0.0,0.0,0.061344220498580064,0.05874275766482967,0.03113223931508313,0.029939149785045565,0.0394449408131156,0.0786183752490909,0.0,0.0,0.0,0.0,0.10014325133267185,0.08918661920666944,0.0,0.0,0.0,0.0
12,0.0,0.0,0.0,0.0,0.0,0.0,0.04031025361617428,0.043190453783201736,0.0,0.0,0.0,0.0,0.9999999999999997,0.0,0.0,0.0,0.0,0.0,0.0,0.0,0.0,0.0,0.08011789280401112,0.0,0.0,0.0,0.0,0.0,0.0,0.0,0.0,0.0,0.0,0.0,0.034918640764033976,0.0,0.0,0.0,0.0,0.0,0.0,0.0,0.0,0.0,0.04443394482403991,0.0,0.0,0.0,0.0,0.0,0.0,0.0,0.0,0.0,0.0,0.0,0.0,0.0,0.0,0.0,0.0,0.0,0.0,0.0,0.0,0.0,0.0,0.0,0.0,0.0,0.0,0.0,0.0,0.0,0.0,0.0,0.0,0.0,0.0,0.0,0.0,0.0,0.0,0.0,0.0,0.0,0.0,0.0,0.0,0.0,0.0,0.0,0.0,0.0,0.0,0.0,0.0,0.0,0.0
13,0.0,0.0,0.0,0.0,0.0,0.010696789170961382,0.03775901597209933,0.0,0.0,0.022477553879145337,0.0,0.0,0.0,1.0000000000000009,0.0,0.03101786161923776,0.01769953418440152,0.01084569806103043,0.0,0.0,0.019289530221313515,0.0,0.014319106767525491,0.0,0.0,0.0,0.02479424133674946,0.0,0.0,0.01684915762974629,0.0,0.0,0.03608200983784432,0.0,0.0,0.016213662307712914,0.00876204767421627,0.008808431355494604,0.0,0.0,0.0,0.0,0.0,0.010305178315646804,0.03409441196111191,0.0,0.0,0.012194074470440186,0.0,0.0,0.0,0.010822327653808214,0.020350143590158777,0.0,0.0,0.0,0.0,0.0,0.0,0.0,0.0,0.0,0.0,0.0,0.021298484179009466,0.0,0.013512901147436954,0.01515588805452288,0.018872217854823375,0.0,0.0,0.016975706700278335,0.0,0.0,0.0,0.0,0.02005588809075522,0.017564539515019784,0.013958822290988075,0.0,0.0,0.008249739735750931,0.0,0.0,0.13647471912941847,0.0,0.0,0.0,0.020754540329365512,0.0,0.0,0.01623641490746565,0.0,0.02441679278118902,0.0,0.0,0.014938213890845438,0.0,0.02487266095304173
14,0.0,0.0,0.0,0.0,0.0,0.037886580548941735,0.0,0.0,0.0,0.0,0.0,0.0,0.0,0.0,0.9999999999999999,0.0,0.0,0.0,0.0,0.10344846769162175,0.0,0.0,0.0,0.0,0.0,0.0,0.0,0.0,0.0,0.0,0.0,0.0,0.0,0.0,0.037834064487460364,0.0,0.0,0.0,0.0,0.06430056182672134,0.0,0.0,0.0,0.0,0.0,0.0,0.0,0.0,0.0,0.0,0.0496500276604583,0.0,0.0,0.0,0.0,0.04503169738857162,0.0,0.0,0.0,0.0,0.04201237628546678,0.0,0.0,0.0,0.0438465859049358,0.0,0.0,0.0,0.0,0.0,0.0,0.0,0.0,0.0,0.0,0.0,0.0,0.0,0.0,0.0,0.0,0.0,0.0,0.0,0.0,0.0,0.0,0.0,0.0,0.0,0.0,0.0,0.0,0.0,0.0,0.0,0.0,0.0,0.0
15,0.0,0.0,0.0,0.0,0.0,0.018638459026578572,0.0,0.0,0.0,0.0,0.0,0.0,0.0,0.03101786161923776,0.0,1.0000000000000007,0.0,0.018897923077134948,0.0,0.0,0.0,0.0,0.016450122258422847,0.0,0.046243967574385605,0.0,0.0,0.0,0.0,0.0,0.0,0.0,0.0,0.053472544138212064,0.030373374602937424,0.0,0.01526729787366,0.0,0.0,0.0,0.0,0.0,0.03133273871152005,0.0,0.0,0.0,0.0,0.03956282431854287,0.03150886481557592,0.0,0.0,0.0,0.013337889316470614,0.05011828920669258,0.0,0.0,0.0,0.0,0.0424661430628505,0.034639143979865006,0.049069296944615426,0.020609072935716913,0.0,0.02155973762588744,0.0,0.017822577603514026,0.0,0.02076064340857378,0.0,0.0,0.0,0.0295790642148289,0.050889541327048156,0.0,0.0,0.0,0.0,0.07540507244104887,0.0,0.0,0.0,0.032021815123363294,0.0,0.0,0.0,0.03328645328203281,0.0,0.0,0.0,0.0,0.02471787993519336,0.02829089637597575,0.0,0.0,0.0,0.0,0.0,0.0,0.0
16,0.0,0.013663579128148758,0.04805179858024801,0.021025290335488875,0.0,0.0,0.030753207134952183,0.0,0.0,0.04369602467430028,0.0,0.0,0.0,0.01769953418440152,0.0,0.0,1.0000000000000002,0.0,0.0,0.0,0.0,0.0,0.0,0.0,0.0,0.019808486349408284,0.0,0.0,0.0,0.0,0.02903250868292771,0.0,0.0,0.0,0.0,0.0,0.0,0.0,0.021093555482699332,0.0,0.0,0.0,0.0,0.0,0.0,0.0,0.0,0.0,0.0,0.0,0.0,0.0,0.020543627554740377,0.025447955784747463,0.0,0.0,0.0,0.0,0.0,0.03382411123514259,0.0,0.0,0.03231887383272793,0.0,0.0,0.013725574851633842,0.0,0.0,0.014598585470151517,0.0,0.0,0.0,0.0,0.0,0.0,0.0,0.0,0.0,0.022995554508919706,0.0,0.0,0.0,0.0,0.0,0.055087195092018974,0.0,0.021121699126856467,0.0,0.0,0.0,0.0,0.0,0.0,0.0,0.0,0.0,0.0,0.0,0.0
17,0.0,0.01363976833326003,0.0,0.020988650676805085,0.0,0.053382361423225416,0.0,0.0,0.0,0.0,0.0,0.0,0.0,0.01084569806103043,0.0,0.018897923077134948,0.0,1.0000000000000007,0.02447971604538993,0.0,0.0,0.0,0.0,0.0,0.0,0.0,0.0,0.0,0.0,0.0,0.0,0.0,0.10413212567904911,0.0,0.01738221681762351,0.0,0.04021085098808102,0.0,0.0,0.03740770325636848,0.0,0.0,0.031355596991125445,0.07531884189328435,0.0,0.0,0.0,0.0,0.0,0.0,0.0,0.0,0.03049841994570207,0.0,0.0,0.0,0.0,0.0,0.0,0.0,0.0,0.05951500597439435,0.0,0.0,0.012116684723523393,0.0,0.0,0.0,0.01645380058872118,0.0,0.05030547088668037,0.10227976235635353,0.0,0.0,0.0,0.03901143286939369,0.0,0.030627394494493424,0.02591787191234672,0.0,0.0,0.049705230808478634,0.0,0.0,0.0,0.0,0.01378166857872945,0.0,0.0,0.0,0.0,0.13136004861341893,0.0,0.04591241100623639,0.05514089263675923,0.07184332658245748,0.0,0.0,0.0
18,0.0,0.01872053406080005,0.0,0.028806849228314748,0.0,0.0,0.0,0.0,0.0,0.0,0.0,0.0,0.0,0.0,0.0,0.0,0.0,0.02447971604538993,1.0000000000000004,0.0,0.0,0.0,0.0,0.0,0.0,0.0,0.0,0.0,0.0,0.0,0.0,0.0,0.03020008744095739,0.0,0.0,0.0,0.0,0.0,0.0,0.031068933918677457,0.0,0.0,0.0,0.0218437451103188,0.0,0.0,0.03708753313999986,0.0,0.0,0.0,0.0,0.0,0.014073460392914431,0.0,0.0,0.031580825082465146,0.0,0.0,0.0,0.0,0.0,0.025071105144885388,0.03978761094080069,0.0,0.0,0.0,0.0,0.0,0.0,0.0,0.0,0.0,0.0,0.0,0.06519719199241111,0.0,0.0,0.0,0.0,0.0,0.0,0.0,0.0,0.0,0.0,0.0,0.0,0.0,0.0,0.0,0.0,0.03664704883847126,0.0,0.029597539322963703,0.0,0.0,0.0,0.0,0.0
19,0.0,0.0,0.0,0.0,0.0,0.0,0.0,0.0,0.0,0.0,0.0,0.0,0.0,0.0,0.10344846769162175,0.0,0.0,0.0,0.0,1.0000000000000002,0.0,0.0,0.02593662245061198,0.0,0.0,0.0,0.0,0.0,0.0,0.0,0.0,0.0,0.0,0.0,0.0,0.0,0.0,0.0,0.0,0.0,0.0,0.0,0.0,0.0,0.0,0.0,0.0,0.0,0.0,0.0,0.1054138341416714,0.0,0.0,0.0,0.0,0.023902121022468976,0.0,0.0,0.0,0.0,0.0,0.0,0.0,0.0,0.0,0.0,0.0,0.0,0.029887875051466572,0.0,0.0,0.0,0.0,0.0,0.0,0.0,0.0,0.0,0.0,0.0,0.0,0.03539295018958507,0.0,0.0,0.0,0.0,0.03184401048214759,0.0,0.0,0.0,0.0,0.0,0.0,0.0,0.0,0.0,0.0,0.05010620562335016,0.0
20,0.0,0.0,0.0,0.0,0.0,0.0,0.062406827428591584,0.0,0.0,0.0,0.0,0.0,0.0,0.019289530221313515,0.0,0.0,0.0,0.0,0.0,0.0,0.9999999999999998,0.0,0.0,0.0,0.0,0.0,0.0,0.0,0.05473839944384153,0.05225352805547592,0.0,0.0,0.0,0.0,0.0,0.0,0.0,0.07818205122551143,0.0,0.0,0.0,0.0,0.0,0.0,0.036944480869683556,0.0,0.0,0.03781692986994172,0.0,0.0,0.0,0.03356279370818229,0.0,0.0,0.0,0.0,0.0,0.0,0.0,0.0,0.0,0.0,0.0,0.0,0.0,0.0,0.04190694720381115,0.0,0.0,0.0,0.0,0.0,0.0,0.0,0.0,0.0608078459160257,0.0,0.0,0.04328986221339844,0.0,0.0,0.04175063891929206,0.0,0.0,0.0,0.0,0.0,0.0,0.0,0.0,0.043993860805901217,0.0,0.0,0.0,0.0,0.0,0.0,0.0,0.0
21,0.0,0.0,0.0,0.0,0.0,0.0,0.0,0.0,0.0,0.0,0.0,0.0,0.0,0.0,0.0,0.0,0.0,0.0,0.0,0.0,0.0,0.9999999999999999,0.0,0.0,0.0,0.0,0.10208325072084172,0.0,0.0,0.0,0.0,0.0,0.0,0.0,0.0615639965175001,0.0,0.0,0.0,0.08420286807656584,0.0,0.0,0.0,0.0,0.0,0.0,0.0,0.0,0.0,0.0,0.0,0.0,0.0,0.0,0.0,0.0,0.0,0.0,0.0,0.0,0.0,0.0,0.0,0.0,0.0,0.0,0.0,0.0,0.0,0.0,0.0,0.0,0.0,0.0,0.0,0.0,0.07901489069983966,0.0,0.0,0.0,0.0,0.0,0.0,0.0,0.0,0.0,0.0,0.0,0.0,0.0,0.0,0.0,0.0,0.0,0.0,0.0,0.0,0.0,0.0,0.0
22,0.0,0.0,0.0,0.0,0.0,0.0,0.024879663601389684,0.0,0.0497181879674231,0.0,0.0302943874467787,0.0,0.08011789280401112,0.014319106767525491,0.0,0.016450122258422847,0.0,0.0,0.0,0.02593662245061198,0.0,0.0,1.0000000000000007,0.0,0.0,0.041203248933844715,0.0,0.0,0.0,0.0,0.07046280211029343,0.0,0.0,0.0,0.018888169844194825,0.0,0.012346537264421585,0.020278240795146386,0.0,0.0,0.0,0.0,0.0,0.0,0.024035182307224776,0.02477611479881544,0.0,0.024602776445275542,0.0,0.0,0.028282825792732672,0.0,0.009464122787084707,0.0,0.0,0.0,0.0,0.0,0.11588874332532421,0.0,0.0,0.0,0.0,0.0,0.01316644484462026,0.01264630848403504,0.0,0.0,0.030645794183094363,0.0,0.0,0.0,0.02521889630149334,0.0,0.0,0.0,0.0,0.0,0.0,0.060358805884131374,0.0,0.10255486937508312,0.0,0.030684617044989263,0.0,0.044318675020457304,0.02447091416285689,0.0,0.0,0.046373110241331,0.026106464058063418,0.0,0.0,0.0,0.0,0.0,0.0,0.050451338010778536,0.0
23,0.0,0.0,0.0,0.0,0.0719153833516144,0.0,0.0,0.0,0.0,0.0,0.0,0.0,0.0,0.0,0.0,0.0,0.0,0.0,0.0,0.0,0.0,0.0,0.0,1.0,0.0,0.0,0.0,0.0,0.0,0.0,0.0,0.0,0.0,0.0,0.0,0.0,0.028914382867108745,0.0,0.0,0.0,0.0,0.0,0.0,0.0,0.0,0.0,0.021408269105449212,0.0,0.0,0.05978754533466403,0.03522993396595986,0.0,0.0,0.0,0.0,0.05313483446638652,0.0,0.0,0.0,0.014476985965377722,0.0,0.0,0.020128204969175337,0.03834581236176493,0.0,0.0,0.0,0.0,0.0,0.0,0.0,0.0,0.0,0.0,0.0,0.0,0.0,0.0,0.03146823346057232,0.0,0.0,0.0,0.0,0.0,0.0,0.056984912982623606,0.047890115812736084,0.042896152682031174,0.0,0.0,0.02514091555772842,0.0,0.0,0.0,0.0,0.0,0.0,0.0,0.0
24,0.0,0.0,0.0,0.0,0.0,0.036323917599128355,0.0,0.0,0.0454921404841675,0.0,0.0,0.0,0.0,0.0,0.0,0.046243967574385605,0.0,0.0,0.0,0.0,0.0,0.0,0.0,0.0,1.0,0.0,0.0,0.0,0.0,0.0,0.0346454494098241,0.0,0.0,0.2208404274181785,0.05491314916694157,0.051706256014658135,0.029753965664938046,0.0,0.0,0.0,0.0,0.0,0.07205743656136687,0.0,0.0,0.0,0.0,0.0,0.130130916444666,0.0,0.0,0.0,0.0,0.0,0.0,0.0,0.060249550119812575,0.09027678275925537,0.0,0.0,0.1577510917219008,0.047395696218154204,0.0,0.049581986450674104,0.0,0.0,0.0,0.0,0.0,0.0,0.03989997942283863,0.05764572541467244,0.0,0.0,0.0,0.0,0.0,0.0,0.0,0.0,0.0,0.028014281817310915,0.0,0.0,0.0,0.0,0.0,0.0,0.0,0.0,0.0,0.0,0.0,0.0,0.0,0.0,0.0,0.0,0.0
25,0.0,0.013587624990526579,0.014945553598380807,0.020908413360524236,0.0,0.0,0.0,0.0,0.02951608946393884,0.0,0.0,0.0,0.0,0.0,0.0,0.0,0.019808486349408284,0.0,0.0,0.0,0.0,0.0,0.041203248933844715,0.0,0.0,1.0000000000000004,0.0,0.0,0.034121383020850715,0.0,0.0,0.0,0.0,0.0,0.0,0.0,0.11859607630353473,0.0,0.02097629903026855,0.0,0.0,0.0,0.0,0.0,0.0,0.03873961827368888,0.0,0.0,0.0,0.0,0.0,0.0,0.0428737176448393,0.02530649376240693,0.0,0.0,0.0,0.0,0.0,0.027072131507653443,0.0,0.02862962777363231,0.0,0.0,0.0,0.01364927608749255,0.0,0.0,0.014517433748520638,0.0,0.0,0.0,0.03943194580492926,0.06076851404931712,0.0,0.0,0.0,0.0,0.022867725080371912,0.0,0.0,0.0,0.0,0.0,0.0,0.0,0.0,0.0,0.0,0.021347536914278046,0.06824347073495571,0.0,0.0,0.0,0.0,0.0,0.0,0.0,0.0
26,0.0,0.044488305979687906,0.0,0.0,0.03488750061952152,0.0,0.0,0.0,0.0,0.0,0.0,0.0,0.0,0.02479424133674946,0.0,0.0,0.0,0.0,0.0,0.0,0.0,0.10208325072084172,0.0,0.0,0.0,0.0,1.0,0.0,0.0,0.0,0.0,0.0,0.05333667430144847,0.0,0.0,0.06069744984364154,0.016005100625534407,0.017937094416526682,0.07822209729543797,0.0,0.0,0.0,0.03438888010032618,0.061065282110563716,0.07927921370770707,0.0,0.0,0.0,0.0,0.0,0.0,0.0,0.0,0.0,0.0,0.02737670354286054,0.0,0.0,0.0,0.014921226136586363,0.0,0.0,0.016309260072830064,0.0,0.0,0.019359109596310535,0.0,0.0,0.07065001570536598,0.0,0.023926928179906607,0.0,0.0,0.0,0.0,0.0,0.07508120240540644,0.0,0.0,0.0,0.0,0.0,0.0,0.0,0.0,0.0,0.0,0.043254094246586536,0.07769667622041387,0.0,0.015514089543674872,0.0,0.0,0.0,0.0,0.0,0.0,0.0,0.07548630305501605
27,0.0,0.0,0.0,0.0,0.0,0.0,0.0,0.0,0.0,0.0,0.0,0.0,0.0,0.0,0.0,0.0,0.0,0.0,0.0,0.0,0.0,0.0,0.0,0.0,0.0,0.0,0.0,0.9999999999999996,0.0,0.0,0.0,0.0,0.0,0.0,0.0,0.0,0.0,0.0,0.0,0.0,0.0,0.0,0.0,0.0,0.0,0.0,0.0,0.0,0.08247581718353925,0.0,0.0,0.0,0.0,0.0,0.0,0.0,0.0,0.0,0.0,0.0,0.0,0.0,0.0,0.0,0.0,0.0,0.0,0.039530037458339086,0.0,0.0,0.0,0.0,0.0,0.0,0.0,0.0,0.0,0.0,0.0,0.0,0.0,0.0,0.0,0.0,0.0,0.0,0.0,0.0,0.0,0.0,0.0,0.0,0.0,0.0,0.0,0.0,0.0,0.0,0.0
28,0.0,0.01850302197003807,0.0,0.0,0.0,0.0,0.0,0.0,0.0,0.0,0.0,0.0,0.0,0.0,0.0,0.0,0.0,0.0,0.0,0.0,0.05473839944384153,0.0,0.0,0.0,0.0,0.034121383020850715,0.0,0.0,1.0000000000000007,0.0,0.0,0.0,0.0,0.0,0.0,0.0,0.0,0.0,0.0,0.0,0.0,0.0387539991003944,0.0,0.0,0.0,0.0,0.05389623267691626,0.0,0.0,0.0,0.0,0.0,0.0,0.0,0.0,0.0,0.0,0.0,0.0,0.0,0.0,0.0,0.0,0.0,0.0,0.020720940023875027,0.0,0.0,0.0,0.0,0.0,0.0,0.0,0.0,0.0,0.0,0.0,0.0,0.031140248561607842,0.0,0.031880546959835734,0.0,0.0,0.0,0.0,0.0,0.0,0.0,0.0,0.0,0.021619379114387088,0.0,0.09175783346936611,0.0,0.0,0.0,0.0,0.0,0.0
29,0.0,0.0,0.0,0.034573302095662915,0.0,0.0,0.0,0.0,0.0,0.0,0.0,0.0,0.0,0.01684915762974629,0.0,0.0,0.0,0.0,0.0,0.0,0.05225352805547592,0.0,0.0,0.0,0.0,0.0,0.0,0.0,0.0,1.0,0.027637637809515458,0.0,0.0,0.0,0.0,0.0,0.0,0.07158364299362327,0.0,0.0,0.0,0.0,0.0,0.0,0.03227053093468529,0.0,0.0,0.03303260396397151,0.0,0.0,0.0,0.05863334100889395,0.0,0.04184578900097692,0.0,0.0,0.0,0.0,0.0,0.0,0.03582118621152495,0.03008975001661298,0.0,0.0,0.0,0.0,0.036605181729013,0.0,0.0,0.0,0.0,0.0,0.0,0.0,0.03963295529071978,0.0,0.0,0.0,0.037813140280503935,0.0,0.0,0.0,0.0,0.0,0.0,0.0,0.0,0.0,0.0,0.0,0.0,0.0,0.0,0.0,0.0,0.0,0.0,0.0,0.0
30,0.0,0.02533226212537061,0.0,0.020934838806090067,0.0,0.01486888462198411,0.02594897816119992,0.0,0.01862181815109091,0.0,0.0,0.0,0.0,0.0,0.0,0.0,0.02903250868292771,0.0,0.0,0.0,0.0,0.0,0.07046280211029343,0.0,0.0346454494098241,0.0,0.0,0.0,0.0,0.027637637809515458,1.0000000000000002,0.0,0.0,0.040061015953595444,0.017501169266911153,0.02116551313108288,0.06132000376652771,0.04816063516224381,0.0,0.0,0.0,0.0,0.0,0.0,0.0,0.0,0.03550589210924046,0.0,0.023606079650779734,0.0,0.0,0.017751841280409367,0.0,0.025338477794951603,0.0,0.026497172295536296,0.0,0.04700660979753318,0.0,0.01404418135335301,0.04007153492530652,0.018219956675540116,0.0,0.021723114462215632,0.01993140215540338,0.0,0.0,0.015216402049806893,0.0,0.0,0.06399503513443548,0.023596784069400863,0.0,0.0,0.023998561899711536,0.0,0.0,0.0,0.0,0.05733909029125621,0.031253188260336816,0.029509299597517382,0.0,0.05686275390622384,0.0,0.0,0.01782209273215322,0.0,0.0,0.046450500920285756,0.0,0.0,0.06044845017036494,0.0,0.04237960610227987,0.0,0.017545213481735048,0.0,0.0
31,0.0,0.04737570471641305,0.0,0.0,0.0,0.0,0.0,0.0,0.0,0.052756562959826885,0.0,0.0,0.0,0.0,0.0,0.0,0.0,0.0,0.0,0.0,0.0,0.0,0.0,0.0,0.0,0.0,0.0,0.0,0.0,0.0,0.0,1.0000000000000002,0.0,0.0,0.0,0.0,0.05165890350321886,0.0,0.034583561130434745,0.0,0.03897432184366476,0.0,0.0,0.0,0.0,0.0,0.02336185921914327,0.029998412686941197,0.0,0.0,0.0,0.0,0.015339155902219109,0.0,0.0,0.019141329557969645,0.0,0.0,0.0,0.0,0.0,0.0,0.0,0.0,0.01762577722284402,0.0,0.0,0.0,0.0,0.0,0.0,0.0,0.0,0.0,0.0,0.0,0.0,0.0,0.0,0.0,0.0,0.0,0.0,0.0,0.0,0.0,0.0,0.0,0.0,0.0,0.0,0.0,0.04868088492617274,0.0,0.0,0.0,0.021668648567020707,0.0,0.0
32,0.0,0.01682708229029595,0.0,0.025893236855032586,0.0,0.0,0.03793790669588035,0.0,0.0,0.05390448221546332,0.0,0.0,0.0,0.03608200983784432,0.0,0.0,0.0,0.10413212567904911,0.03020008744095739,0.0,0.0,0.0,0.0,0.0,0.0,0.0,0.05333667430144847,0.0,0.0,0.0,0.0,0.0,1.0000000000000007,0.0,0.021444058698906705,0.03487837413514217,0.0,0.0,0.05128751622254347,0.0,0.0,0.0,0.0,0.08952911516399142,0.0,0.0,0.0,0.0,0.0,0.0,0.0,0.0,0.012650027791497272,0.0,0.0,0.0,0.0,0.0,0.0,0.022543177465292184,0.0,0.047978845793421404,0.0,0.0,0.0,0.023896245741295907,0.0,0.0,0.040597384021456746,0.0,0.03103037667429128,0.11282754798944952,0.0,0.0,0.0,0.0,0.0431436621267941,0.0,0.0,0.0,0.0,0.04544789710409584,0.0,0.0,0.0,0.0,0.017002141503120308,0.0,0.04464658316376503,0.023754775214332027,0.0,0.07013185477241288,0.0,0.09425092829031441,0.0,0.0,0.0,0.0,0.0
33,0.0,0.0,0.0,0.0,0.0,0.04200185211115019,0.0,0.0,0.052603195996720434,0.0,0.0,0.0,0.0,0.0,0.0,0.053472544138212064,0.0,0.0,0.0,0.0,0.0,0.0,0.0,0.0,0.2208404274181785,0.0,0.0,0.0,0.0,0.0,0.040061015953595444,0.0,0.0,1.0000000000000002,0.035393445060603136,0.05978866438131815,0.03440492513420296,0.0,0.0,0.0,0.0,0.0,0.08332101805097544,0.04174869393609893,0.040399840981368354,0.0,0.0,0.0,0.150472192121933,0.0,0.0,0.0,0.023573293553406326,0.0,0.0,0.030571850716961203,0.0,0.0,0.0,0.0,0.18240978569543842,0.05480430401889479,0.03027951911151245,0.05733234188176442,0.0,0.0,0.0,0.0,0.0,0.0,0.04613690223204941,0.06665655561792004,0.0,0.0,0.0,0.0,0.0,0.0,0.0,0.0,0.0,0.0323933044578598,0.0,0.051576627684622206,0.0,0.0,0.0,0.0,0.0,0.0,0.0,0.0,0.0,0.0,0.0,0.0,0.0,0.0,0.0
34,0.0,0.0,0.0,0.0,0.0,0.029978209456898462,0.04549760816803604,0.02323670518100509,0.0,0.0,0.0,0.0,0.034918640764033976,0.0,0.037834064487460364,0.030373374602937424,0.0,0.01738221681762351,0.0,0.0,0.0,0.0615639965175001,0.018888169844194825,0.0,0.05491314916694157,0.0,0.0,0.0,0.0,0.0,0.017501169266911153,0.0,0.021444058698906705,0.035393445060603136,1.0000000000000004,0.0,0.015030233359197958,0.019406788852246143,0.0,0.0,0.0,0.0,0.0,0.015510503181999497,0.02390571030089146,0.0,0.0,0.0,0.0,0.0,0.0,0.0,0.015314677594178691,0.0,0.0,0.0,0.022630136128386647,0.033908566603602266,0.04875998550030825,0.014148476398767922,0.0,0.017802142176722806,0.0,0.019932865618963694,0.03205671910875207,0.0,0.0,0.013962385448480899,0.02483521489428908,0.0,0.020155498211761144,0.0,0.0,0.0,0.0,0.029511587372272663,0.0,0.0,0.0,0.0,0.0,0.023120248684962368,0.0,0.0,0.0,0.0,0.011895943531244178,0.0,0.0,0.034550355112689494,0.0,0.02602182751855521,0.0,0.021016209698918424,0.0,0.0,0.0,0.0,0.0
35,0.0,0.0,0.0,0.0,0.0,0.022190918807903182,0.0,0.0,0.02779194708629421,0.0,0.0,0.0,0.0,0.016213662307712914,0.0,0.0,0.0,0.0,0.0,0.0,0.0,0.0,0.0,0.0,0.051706256014658135,0.0,0.06069744984364154,0.0,0.0,0.0,0.02116551313108288,0.0,0.03487837413514217,0.05978866438131815,0.0,0.9999999999999999,0.018177219857464472,0.0,0.0,0.036262510890090395,0.0,0.0,0.0,0.025227553263210977,0.0,0.0,0.0,0.05558406967340214,0.03523065853432166,0.0,0.0,0.0,0.0,0.0,0.0,0.0,0.0,0.0,0.0,0.0,0.02743265514789987,0.0,0.0,0.0,0.0,0.033284382814801616,0.0,0.0,0.046200062390438654,0.0,0.02437559774198107,0.11259689872596726,0.0,0.0,0.0,0.0,0.049097741887911175,0.0,0.0,0.0,0.0,0.017114416460535704,0.0,0.0,0.0,0.0,0.0,0.0,0.050808074889645026,0.0,0.0,0.0,0.0,0.0,0.0,0.0,0.0,0.093314700960138,0.0
36,0.0,0.03420625115425863,0.008684130755725633,0.0,0.0,0.02783825937119537,0.010287298319042628,0.0,0.03750106837507567,0.0,0.0,0.0,0.0,0.00876204767421627,0.0,0.01526729787366,0.0,0.04021085098808102,0.0,0.0,0.0,0.0,0.012346537264421585,0.028914382867108745,0.029753965664938046,0.11859607630353473,0.016005100625534407,0.0,0.0,0.0,0.06132000376652771,0.05165890350321886,0.0,0.03440492513420296,0.015030233359197958,0.018177219857464472,1.0,0.04620956001219716,0.03358597380486811,0.036575747370535386,0.0,0.0,0.0,0.01995649880944799,0.0,0.028229602736026774,0.05491306130429198,0.034510305987853526,0.03643864716406667,0.0,0.0,0.0,0.031979950872838,0.03185399516376494,0.025958545250846385,0.02599186021924255,0.009777337159543034,0.0,0.0,0.03618398060046554,0.015785909525866785,0.07316068742077643,0.01841143239320258,0.04261769130162099,0.0,0.007930927247661552,0.0,0.013068045352168687,0.008435371234652414,0.0,0.03289121682504111,0.044179063322532935,0.028734102574720435,0.0,0.0,0.0,0.0,0.02474333041429738,0.0,0.024957292520488984,0.0,0.02932272068520733,0.05951529124361839,0.06430950369838856,0.0,0.009766020015799898,0.0,0.0,0.0,0.07326278703489802,0.04365181332283863,0.03832773278753167,0.059295673129719284,0.0,0.01844605871884555,0.0,0.0,0.02408358391630215,0.0
37,0.0,0.0,0.0,0.03614857964231772,0.0,0.0,0.022403294154431784,0.0,0.02777129966921434,0.0,0.0,0.0,0.0,0.008808431355494604,0.0,0.0,0.0,0.0,0.0,0.0,0.07818205122551143,0.0,0.020278240795146386,0.0,0.0,0.0,0.017937094416526682,0.0,0.0,0.07158364299362327,0.04816063516224381,0.0,0.0,0.0,0.019406788852246143,0.0,0.04620956001219716,1.000000000000001,0.0,0.0,0.0,0.0,0.0390269232795705,0.018273078311024794,0.04156556780264746,0.0,0.0,0.01726884102479984,0.0,0.0,0.0,0.04597865698416455,0.012925611783753722,0.04375242585194647,0.0,0.0,0.0,0.0,0.0,0.025437492839562707,0.037453321614079826,0.031460741640568175,0.0,0.024088441700775502,0.017207963358859657,0.0,0.019136519320477833,0.0,0.0,0.0,0.022185381814829448,0.0,0.0,0.03187559235945934,0.04143876789156119,0.0,0.0,0.0,0.019768017951739124,0.04950424245465299,0.0376832796410606,0.0,0.03795312782416711,0.0,0.0,0.0,0.015386871245781895,0.0,0.0,0.0,0.0,0.0,0.0,0.0,0.03658883119636586,0.0,0.01514782494292393,0.0,0.0
38,0.0,0.039462472540703744,0.015915141545205416,0.022264839902247473,0.05755356714139045,0.0,0.0,0.0,0.0,0.0,0.0,0.0,0.0,0.0,0.0,0.0,0.021093555482699332,0.0,0.0,0.0,0.0,0.08420286807656584,0.0,0.0,0.0,0.02097629903026855,0.07822209729543797,0.0,0.0,0.0,0.0,0.034583561130434745,0.05128751622254347,0.0,0.0,0.0,0.03358597380486811,0.0,1.0000000000000002,0.0,0.043482922286872505,0.0,0.12946335031692152,0.0,0.0,0.0,0.0,0.0,0.0,0.0,0.0,0.0,0.02175478061036054,0.026948244345073886,0.0,0.0,0.0,0.0,0.0,0.011202817248329701,0.0,0.0,0.0,0.0,0.0,0.014534768450836516,0.0,0.0,0.015459247558811036,0.0,0.04503869093622634,0.0,0.0,0.0,0.0,0.0,0.0,0.0,0.024351261335036282,0.0,0.0,0.0,0.0,0.0,0.0,0.0,0.0,0.0,0.0,0.0,0.0,0.0,0.0,0.0,0.0,0.0,0.026950864778333354,0.0,0.04487415476314494
39,0.0,0.0,0.0,0.0,0.0,0.0,0.0,0.027576494900484746,0.0,0.0,0.0,0.0,0.0,0.0,0.06430056182672134,0.0,0.0,0.03740770325636848,0.031068933918677457,0.0,0.0,0.0,0.0,0.0,0.0,0.0,0.0,0.0,0.0,0.0,0.0,0.0,0.0,0.0,0.0,0.036262510890090395,0.036575747370535386,0.0,0.0,1.0000000000000013,0.0,0.0,0.022999263992526733,0.023047947700113307,0.0,0.0,0.03964108814037889,0.0,0.0,0.0,0.0,0.0,0.0,0.0,0.0,0.0,0.0,0.0,0.0,0.0,0.0,0.0151277395012878,0.021263536000704058,0.0,0.02442886003052374,0.0,0.0,0.0,0.01206882788828724,0.0,0.0,0.0,0.04262265923084016,0.0,0.0,0.0,0.0,0.0,0.019010704162490275,0.0,0.0,0.0,0.0,0.0,0.0,0.0,0.0,0.0,0.0,0.0,0.0,0.0,0.0,0.0,0.0,0.01917188293993766,0.0,0.0,0.0
40,0.0,0.02816653408085354,0.0,0.0,0.0,0.0,0.0,0.0,0.0,0.0,0.0,0.0,0.0,0.0,0.0,0.0,0.0,0.0,0.0,0.0,0.0,0.0,0.0,0.0,0.0,0.0,0.0,0.0,0.0,0.0,0.0,0.03897432184366476,0.0,0.0,0.0,0.0,0.0,0.0,0.043482922286872505,0.0,0.9999999999999999,0.0,0.0,0.0,0.0,0.0,0.0,0.0,0.0,0.0,0.0,0.0,0.0,0.0,0.0,0.0,0.0,0.0,0.0,0.02774059405591286,0.0,0.0,0.0,0.0,0.0,0.0,0.0,0.0,0.0,0.0,0.0,0.0,0.0,0.0,0.0,0.0,0.0,0.0,0.0,0.0,0.0,0.0,0.0,0.0,0.0,0.0,0.0,0.0,0.0,0.0,0.0,0.0,0.0,0.0,0.0,0.0,0.0,0.0,0.0
41,0.0,0.0,0.0,0.0,0.0,0.0,0.0,0.0,0.0,0.0,0.0,0.0,0.0,0.0,0.0,0.0,0.0,0.0,0.0,0.0,0.0,0.0,0.0,0.0,0.0,0.0,0.0,0.0,0.0387539991003944,0.0,0.0,0.0,0.0,0.0,0.0,0.0,0.0,0.0,0.0,0.0,0.0,1.0,0.0,0.0,0.0,0.0,0.0,0.0,0.0,0.0,0.0,0.0,0.0,0.0,0.0,0.0,0.0,0.0,0.0,0.0,0.0,0.0,0.0,0.0,0.0,0.03406270766484439,0.0,0.0,0.0,0.0,0.0,0.0,0.0,0.0,0.06824999862667419,0.0,0.0,0.0,0.0,0.0,0.0,0.0,0.0,0.0,0.0,0.0,0.0,0.0,0.0,0.0,0.0,0.0,0.0,0.0,0.0,0.0,0.0,0.0,0.0
42,0.0,0.0,0.0,0.0,0.0,0.0,0.0,0.0,0.0,0.0,0.0,0.0,0.0,0.0,0.0,0.03133273871152005,0.0,0.031355596991125445,0.0,0.0,0.0,0.0,0.0,0.0,0.07205743656136687,0.0,0.03438888010032618,0.0,0.0,0.0,0.0,0.0,0.0,0.08332101805097544,0.0,0.0,0.0,0.0390269232795705,0.12946335031692152,0.022999263992526733,0.0,0.0,0.9999999999999997,0.0,0.0,0.0,0.0,0.0,0.12433992079669959,0.0,0.0,0.05471203178157458,0.0,0.0,0.0,0.03139950568800436,0.0,0.0,0.0,0.0,0.07645987005786184,0.06422619180610974,0.0,0.033594423397130826,0.018866477019557643,0.0,0.0,0.0,0.0256196523863356,0.0,0.0,0.0,0.0,0.0,0.0,0.0,0.0,0.0,0.040355835444065145,0.0,0.0,0.0,0.0,0.0,0.0,0.0,0.0328864489541508,0.0,0.0,0.0,0.0,0.0,0.0716322267819939,0.0,0.0,0.04069798501223191,0.0,0.0,0.0
43,0.0,0.07101198315693485,0.0,0.01872859696344356,0.0,0.0,0.0,0.03354755893527997,0.0,0.0,0.0,0.0,0.0,0.010305178315646804,0.0,0.0,0.0,0.07531884189328435,0.0218437451103188,0.0,0.0,0.0,0.0,0.0,0.0,0.0,0.061065282110563716,0.0,0.0,0.0,0.0,0.0,0.08952911516399142,0.04174869393609893,0.015510503181999497,0.025227553263210977,0.01995649880944799,0.018273078311024794,0.0,0.023047947700113307,0.0,0.0,0.0,1.0000000000000007,0.0,0.0,0.0,0.03532846180108608,0.0,0.027508713711246746,0.0,0.0,0.022084736650099572,0.0,0.0,0.020532080410971786,0.0,0.0,0.0,0.0,0.0,0.06290670318287633,0.0,0.0,0.01656962609231159,0.0172841718450952,0.0,0.0,0.02936411725443393,0.0,0.08086095181114311,0.03242652309104813,0.0,0.03502175649520221,0.0,0.0,0.03120584205148013,0.0,0.0,0.12096188689973623,0.0,0.015758423537800565,0.0,0.0,0.0,0.0,0.012297661258425777,0.0,0.03229290592560672,0.0,0.03315676641894136,0.05072642133098132,0.04684018452133606,0.04096857175797555,0.0,0.0,0.0,0.0,0.0
44,0.0,0.04235906975604259,0.0,0.0,0.0,0.0,0.027596871585456286,0.029568690341713718,0.07176793181759697,0.0,0.0,0.039258531015289956,0.04443394482403991,0.03409441196111191,0.0,0.0,0.0,0.0,0.0,0.0,0.036944480869683556,0.0,0.024035182307224776,0.0,0.0,0.0,0.07927921370770707,0.0,0.0,0.03227053093468529,0.0,0.0,0.0,0.040399840981368354,0.02390571030089146,0.0,0.0,0.04156556780264746,0.0,0.0,0.0,0.0,0.0,0.0,1.0000000000000004,0.0,0.0,0.06146687427292592,0.0,0.0,0.0,0.08695805455661065,0.0,0.0,0.0,0.0,0.0,0.0,0.0,0.0,0.0,0.0,0.025031916929500637,0.032577839177973335,0.0,0.0,0.02588072971231825,0.0,0.02262886226478351,0.0,0.0,0.0,0.0,0.0,0.0,0.0,0.0,0.0,0.026734784993514723,0.0,0.0,0.0,0.0,0.04263812298176085,0.0,0.0,0.0,0.06638761594372347,0.0,0.0,0.0,0.0,0.0,0.0,0.0,0.0,0.0,0.0,0.06822089591864419
45,0.0,0.0,0.0,0.0,0.0,0.0,0.0,0.0,0.1049619766410384,0.0,0.0,0.0,0.0,0.0,0.0,0.0,0.0,0.0,0.0,0.0,0.0,0.0,0.02477611479881544,0.0,0.0,0.03873961827368888,0.0,0.0,0.0,0.0,0.0,0.0,0.0,0.0,0.0,0.0,0.028229602736026774,0.0,0.0,0.0,0.0,0.0,0.0,0.0,0.0,0.9999999999999998,0.04380794109447673,0.0,0.0,0.0,0.0,0.0,0.0,0.0,0.0,0.0,0.0,0.0,0.0,0.0,0.0,0.0,0.0,0.0,0.0,0.0,0.0,0.0,0.0,0.0,0.0,0.0,0.05766146481278726,0.0,0.0,0.0,0.0,0.0,0.0,0.0,0.0,0.0,0.0,0.0,0.0,0.0,0.0,0.0,0.10259522275357344,0.0,0.024545502557552442,0.0,0.0,0.0,0.0,0.0,0.0,0.0,0.0
46,0.0,0.0,0.02593542947272737,0.0,0.0,0.0,0.0,0.0,0.06331795588130848,0.0,0.08537142201812106,0.0,0.0,0.0,0.0,0.0,0.0,0.0,0.03708753313999986,0.0,0.0,0.0,0.0,0.021408269105449212,0.0,0.0,0.0,0.0,0.05389623267691626,0.0,0.03550589210924046,0.02336185921914327,0.0,0.0,0.0,0.0,0.05491306130429198,0.0,0.0,0.03964108814037889,0.0,0.0,0.0,0.0,0.0,0.04380794109447673,1.0000000000000004,0.024822282856549662,0.0,0.04049122187183473,0.023859535706991123,0.030766372939296557,0.01269243378171619,0.0,0.0,0.012331631844030017,0.0,0.0,0.0,0.028060756408366035,0.0,0.024824647294604915,0.013631862768851786,0.025969769916206104,0.0,0.0,0.0,0.0,0.0,0.0,0.0,0.0,0.0,0.0,0.0,0.0,0.0,0.0,0.021311917320478622,0.0,0.0,0.0,0.0,0.02646359917157492,0.0,0.015664005347590857,0.011332480625008459,0.0,0.0,0.014411864278218016,0.0,0.0,0.028132361624440525,0.0,0.0,0.0,0.0,0.0,0.037974843630880585
47,0.0,0.0,0.012085638093247447,0.0,0.0,0.0,0.014316754081489334,0.04226993046738088,0.0,0.0,0.05481171522667303,0.0,0.0,0.012194074470440186,0.0,0.03956282431854287,0.0,0.0,0.0,0.0,0.03781692986994172,0.0,0.024602776445275542,0.0,0.0,0.0,0.0,0.0,0.0,0.03303260396397151,0.0,0.029998412686941197,0.0,0.0,0.0,0.05558406967340214,0.034510305987853526,0.01726884102479984,0.0,0.0,0.0,0.0,0.0,0.03532846180108608,0.06146687427292592,0.0,0.024822282856549662,1.0000000000000002,0.02249731429653864,0.0,0.0,0.04950520678290276,0.0245581262247763,0.0,0.03612630810770217,0.0,0.013607045051456433,0.0,0.0,0.016785655989882756,0.0,0.014714868146119758,0.0,0.0,0.0,0.011037410554408848,0.026491906706335576,0.0,0.01173944137782394,0.0,0.03071264190943895,0.0,0.0,0.0,0.0,0.0,0.0,0.0,0.027366130620537703,0.03473287237079815,0.0,0.010928788224024592,0.024253825974714666,0.0,0.0,0.013591295069405712,0.0,0.0,0.0,0.0,0.0,0.02150908340442768,0.0,0.0,0.0256712382843585,0.03679587149582036,0.0,0.0,0.0
48,0.0,0.0,0.016831377279993294,0.0,0.0,0.024749723460947226,0.019938598815487228,0.0,0.03099659868892351,0.0,0.0,0.0,0.0,0.0,0.0,0.03150886481557592,0.0,0.0,0.0,0.0,0.0,0.0,0.0,0.0,0.130130916444666,0.0,0.0,0.08247581718353925,0.0,0.0,0.023606079650779734,0.0,0.0,0.150472192121933,0.0,0.03523065853432166,0.03643864716406667,0.0,0.0,0.0,0.0,0.0,0.12433992079669959,0.0,0.0,0.0,0.0,0.02249731429653864,0.9999999999999998,0.0,0.0,0.0,0.01150360237313664,0.0,0.0503122397677746,0.0,0.018950204131537852,0.0,0.0,0.0,0.10748553993727966,0.05278665120491014,0.0,0.03378326277582084,0.0,0.015371536016723222,0.0,0.0,0.016349237447124795,0.0,0.02718631475026905,0.03927758504641791,0.0,0.0,0.0,0.0,0.0,0.0,0.0,0.048371635355967744,0.0,0.034308116847047064,0.033777719663127224,0.0,0.0,0.018928269510626365,0.03307130870049646,0.0,0.0,0.0,0.0,0.029955182749435372,0.0,0.0,0.03575171567069025,0.0,0.0,0.0,0.0
49,0.0,0.0,0.0,0.0,0.0,0.0,0.0,0.0,0.0,0.0,0.0,0.0,0.0,0.0,0.0,0.0,0.0,0.0,0.0,0.0,0.0,0.0,0.0,0.05978754533466403,0.0,0.0,0.0,0.0,0.0,0.0,0.0,0.0,0.0,0.0,0.0,0.0,0.0,0.0,0.0,0.0,0.0,0.0,0.0,0.027508713711246746,0.0,0.0,0.04049122187183473,0.0,0.0,1.0000000000000004,0.0666332745407553,0.0,0.017723279177633798,0.0,0.0,0.0,0.0,0.0,0.0,0.04972304679887185,0.0,0.0,0.03807013118501919,0.0,0.0,0.023682496610768645,0.0,0.0,0.0,0.0,0.0,0.0,0.0,0.0,0.0,0.0,0.0,0.0,0.059518460679401614,0.0,0.0,0.0,0.0,0.0,0.0,0.04374535957244346,0.06111354661776956,0.0,0.0,0.0,0.04816053438991927,0.0,0.0,0.0,0.0,0.0,0.0,0.0,0.0
50,0.0,0.0,0.0,0.0,0.0,0.0,0.0,0.0,0.0,0.0,0.0,0.0,0.0,0.0,0.0496500276604583,0.0,0.0,0.0,0.0,0.1054138341416714,0.0,0.0,0.028282825792732672,0.03522993396595986,0.0,0.0,0.0,0.0,0.0,0.0,0.0,0.0,0.0,0.0,0.0,0.0,0.0,0.0,0.0,0.0,0.0,0.0,0.0,0.0,0.0,0.0,0.023859535706991123,0.0,0.0,0.0666332745407553,0.9999999999999999,0.0,0.0,0.0,0.0,0.02606428521071187,0.0,0.0,0.0,0.016134614240373976,0.05421699802734582,0.0,0.022432903043872587,0.0,0.0,0.0,0.0,0.0,0.03259150512003712,0.0,0.0,0.0,0.0,0.0,0.0,0.0,0.0,0.0,0.035071375279814035,0.0,0.0,0.03382437020687277,0.0,0.0,0.0,0.025777043035095416,0.01864898755350311,0.0,0.0,0.0,0.0,0.0,0.0,0.0,0.0,0.0,0.0,0.0,0.0
51,0.0,0.0,0.0,0.022206665257424638,0.0,0.03037213642641046,0.0,0.0,0.07448054587005953,0.0,0.0,0.035665028895660845,0.0,0.010822327653808214,0.0,0.0,0.0,0.0,0.0,0.0,0.03356279370818229,0.0,0.0,0.0,0.0,0.0,0.0,0.0,0.0,0.05863334100889395,0.017751841280409367,0.0,0.0,0.0,0.0,0.0,0.0,0.04597865698416455,0.0,0.0,0.0,0.0,0.05471203178157458,0.0,0.08695805455661065,0.0,0.030766372939296557,0.04950520678290276,0.0,0.0,0.0,1.0000000000000002,0.0,0.026877832675811654,0.0,0.0,0.03327747684519712,0.0,0.0,0.01489738884627806,0.023008189646513348,0.08240464599132973,0.0,0.0,0.0,0.0,0.023511755258267934,0.0,0.02055754521826375,0.0,0.02725768771248384,0.0,0.0,0.04793433301132974,0.025456514650184312,0.0,0.0,0.0,0.02428763518791942,0.0,0.0,0.0,0.0,0.0,0.0,0.0,0.0,0.0,0.0,0.0,0.0,0.09220236105691712,0.0,0.0,0.0,0.03265659715302815,0.0,0.0,0.0
52,0.0,0.021933437600207797,0.02167999605513604,0.03375081223408395,0.0,0.03993310798216637,0.007320618099413478,0.0,0.0,0.0,0.05605399551663436,0.0,0.0,0.020350143590158777,0.0,0.013337889316470614,0.020543627554740377,0.03049841994570207,0.014073460392914431,0.0,0.0,0.0,0.009464122787084707,0.0,0.0,0.0428737176448393,0.0,0.0,0.0,0.0,0.0,0.015339155902219109,0.012650027791497272,0.023573293553406326,0.015314677594178691,0.0,0.031979950872838,0.012925611783753722,0.02175478061036054,0.0,0.0,0.0,0.0,0.022084736650099572,0.0,0.0,0.01269243378171619,0.0245581262247763,0.01150360237313664,0.017723279177633798,0.0,0.0,1.0000000000000002,0.026245679422485426,0.018472546464995968,0.0,0.0069577209831395105,0.0,0.024431720684321232,0.021416034400949885,0.0,0.018025817739054227,0.0,0.0,0.05337728840861423,0.041189169296074774,0.0,0.0,0.021058966088263523,0.0,0.0,0.0,0.0,0.0,0.0,0.03931153416472353,0.0,0.0,0.023716402090934598,0.017760037832250913,0.0,0.015741059018170116,0.06921798039172404,0.0,0.0,0.006949667509355602,0.01089190324029727,0.0,0.0,0.0,0.010182624060427237,0.026348779569905226,0.0,0.012397636123650734,0.013126532072085523,0.023028656398281784,0.0,0.0,0.0
